# oST version 5.0 parameters


[image]

width
910

height
512

[gopro]

camera matrix
292.524097 0.000000 454.602227
0.000000 292.426404 255.702084
0.000000 0.000000 1.000000

distortion
-0.000305 -0.000239 0.000055 0.000027 0.000000

rectification
1.000000 0.000000 0.000000
0.000000 1.000000 0.000000
0.000000 0.000000 1.000000

projection
291.573517 0.000000 454.156689 0.000000
0.000000 291.746002 255.239095 0.000000
0.000000 0.000000 1.000000 0.000000
